     1 0     1S   1( 2.00)       -1.14054       -1.14056        0.00001
     Etot =      -5.669154 Ry,      -2.834577 Ha,     -77.132769 eV
     Etotps =    -5.646975 Ry,      -2.823488 Ha,     -76.831005 eV

