     1 0     1S   1( 2.00)       -1.14045       -1.14045        0.00000
     Etot =      -5.668822 Ry,      -2.834411 Ha,     -77.128246 eV
     Etotps =    -5.638776 Ry,      -2.819388 Ha,     -76.719443 eV

